Volatility 3 Framework 2.27.0

PID	Process	Start VPN	End VPN	Tag	Protection	CommitCharge	PrivateMemory	File output	Notes	Hexdump	Disasm

592	csrss.exe	0x7f6f0000	0x7f7effff	Vad 	PAGE_EXECUTE_READWRITE	0	0	Disabled	N/A	
c8 00 00 00 84 01 00 00 ff ee ff ee 08 70 00 00 .............p..
08 00 00 00 00 fe 00 00 00 00 10 00 00 20 00 00 ............. ..
00 02 00 00 00 20 00 00 8d 01 00 00 ff ef fd 7f ..... ..........
03 00 08 06 00 00 00 00 00 00 00 00 00 00 00 00 ................	c8 00 00 00 84 01 00 00 ff ee ff ee 08 70 00 00 08 00 00 00 00 fe 00 00 00 00 10 00 00 20 00 00 00 02 00 00 00 20 00 00 8d 01 00 00 ff ef fd 7f 03 00 08 06 00 00 00 00 00 00 00 00 00 00 00 00
616	winlogon.exe	0x580000	0x59ffff	Vad 	PAGE_EXECUTE_READ	0	0	Disabled	N/A	
c1 00 00 00 00 01 00 00 ff ee ff ee 09 00 00 00 ................
09 00 00 00 00 fe 00 00 00 00 10 00 00 20 00 00 ............. ..
00 02 00 00 00 20 00 00 47 08 00 00 ff ef fd 7f ..... ..G.......
00 00 08 06 00 00 00 00 00 00 00 00 00 00 00 00 ................	c1 00 00 00 00 01 00 00 ff ee ff ee 09 00 00 00 09 00 00 00 00 fe 00 00 00 00 10 00 00 20 00 00 00 02 00 00 00 20 00 00 47 08 00 00 ff ef fd 7f 00 00 08 06 00 00 00 00 00 00 00 00 00 00 00 00
616	winlogon.exe	0x4a5e0000	0x4a5e3fff	VadS	PAGE_EXECUTE_READWRITE	4	1	Disabled	N/A	
00 00 00 00 00 00 00 00 00 00 00 00 00 00 00 00 ................
00 00 00 00 00 00 00 00 00 00 00 00 00 00 00 00 ................
00 00 00 00 00 00 00 00 00 00 00 00 00 00 00 00 ................
00 00 00 00 25 00 25 00 01 00 00 00 00 00 00 00 ....%.%.........	00 00 00 00 00 00 00 00 00 00 00 00 00 00 00 00 00 00 00 00 00 00 00 00 00 00 00 00 00 00 00 00 00 00 00 00 00 00 00 00 00 00 00 00 00 00 00 00 00 00 00 00 25 00 25 00 01 00 00 00 00 00 00 00
616	winlogon.exe	0x2afc0000	0x2afc3fff	VadS	PAGE_EXECUTE_READWRITE	4	1	Disabled	N/A	
00 00 00 00 00 00 00 00 00 00 00 00 00 00 00 00 ................
00 00 00 00 00 00 00 00 00 00 00 00 00 00 00 00 ................
00 00 00 00 00 00 00 00 00 00 00 00 00 00 00 00 ................
00 00 00 00 23 00 23 00 01 00 00 00 00 00 00 00 ....#.#.........	00 00 00 00 00 00 00 00 00 00 00 00 00 00 00 00 00 00 00 00 00 00 00 00 00 00 00 00 00 00 00 00 00 00 00 00 00 00 00 00 00 00 00 00 00 00 00 00 00 00 00 00 23 00 23 00 01 00 00 00 00 00 00 00
616	winlogon.exe	0xe880000	0xe883fff	VadS	PAGE_EXECUTE_READWRITE	4	1	Disabled	N/A	
00 00 00 00 00 00 00 00 00 00 00 00 00 00 00 00 ................
00 00 00 00 00 00 00 00 00 00 00 00 00 00 00 00 ................
00 00 00 00 00 00 00 00 00 00 00 00 00 00 00 00 ................
00 00 00 00 25 00 25 00 01 00 00 00 00 00 00 00 ....%.%.........	00 00 00 00 00 00 00 00 00 00 00 00 00 00 00 00 00 00 00 00 00 00 00 00 00 00 00 00 00 00 00 00 00 00 00 00 00 00 00 00 00 00 00 00 00 00 00 00 00 00 00 00 25 00 25 00 01 00 00 00 00 00 00 00
616	winlogon.exe	0x16be0000	0x16be3fff	VadS	PAGE_EXECUTE_READWRITE	4	1	Disabled	N/A	
00 00 00 00 00 00 00 00 00 00 00 00 00 00 00 00 ................
00 00 00 00 00 00 00 00 00 00 00 00 00 00 00 00 ................
00 00 00 00 00 00 00 00 00 00 00 00 00 00 00 00 ................
00 00 00 00 28 00 28 00 01 00 00 00 00 00 00 00 ....(.(.........	00 00 00 00 00 00 00 00 00 00 00 00 00 00 00 00 00 00 00 00 00 00 00 00 00 00 00 00 00 00 00 00 00 00 00 00 00 00 00 00 00 00 00 00 00 00 00 00 00 00 00 00 28 00 28 00 01 00 00 00 00 00 00 00
616	winlogon.exe	0x2b010000	0x2b013fff	VadS	PAGE_EXECUTE_READWRITE	4	1	Disabled	N/A	
00 00 00 00 00 00 00 00 00 00 00 00 00 00 00 00 ................
00 00 00 00 00 00 00 00 00 00 00 00 00 00 00 00 ................
00 00 00 00 00 00 00 00 00 00 00 00 00 00 00 00 ................
00 00 00 00 2c 00 2c 00 01 00 00 00 00 00 00 00 ....,.,.........	00 00 00 00 00 00 00 00 00 00 00 00 00 00 00 00 00 00 00 00 00 00 00 00 00 00 00 00 00 00 00 00 00 00 00 00 00 00 00 00 00 00 00 00 00 00 00 00 00 00 00 00 2c 00 2c 00 01 00 00 00 00 00 00 00
616	winlogon.exe	0x3ad10000	0x3ad13fff	VadS	PAGE_EXECUTE_READWRITE	4	1	Disabled	N/A	
00 00 00 00 00 00 00 00 00 00 00 00 00 00 00 00 ................
00 00 00 00 00 00 00 00 00 00 00 00 00 00 00 00 ................
00 00 00 00 00 00 00 00 00 00 00 00 00 00 00 00 ................
00 00 00 00 25 00 25 00 01 00 00 00 00 00 00 00 ....%.%.........	00 00 00 00 00 00 00 00 00 00 00 00 00 00 00 00 00 00 00 00 00 00 00 00 00 00 00 00 00 00 00 00 00 00 00 00 00 00 00 00 00 00 00 00 00 00 00 00 00 00 00 00 25 00 25 00 01 00 00 00 00 00 00 00
616	winlogon.exe	0x3f750000	0x3f753fff	VadS	PAGE_EXECUTE_READWRITE	4	1	Disabled	N/A	
00 00 00 00 00 00 00 00 00 00 00 00 00 00 00 00 ................
00 00 00 00 00 00 00 00 00 00 00 00 00 00 00 00 ................
00 00 00 00 00 00 00 00 00 00 00 00 00 00 00 00 ................
00 00 00 00 27 00 27 00 01 00 00 00 00 00 00 00 ....'.'.........	00 00 00 00 00 00 00 00 00 00 00 00 00 00 00 00 00 00 00 00 00 00 00 00 00 00 00 00 00 00 00 00 00 00 00 00 00 00 00 00 00 00 00 00 00 00 00 00 00 00 00 00 27 00 27 00 01 00 00 00 00 00 00 00
616	winlogon.exe	0x5d080000	0x5d083fff	VadS	PAGE_EXECUTE_READWRITE	4	1	Disabled	N/A	
00 00 00 00 00 00 00 00 00 00 00 00 00 00 00 00 ................
00 00 00 00 00 00 00 00 00 00 00 00 00 00 00 00 ................
00 00 00 00 00 00 00 00 00 00 00 00 00 00 00 00 ................
00 00 00 00 28 00 28 00 01 00 00 00 00 00 00 00 ....(.(.........	00 00 00 00 00 00 00 00 00 00 00 00 00 00 00 00 00 00 00 00 00 00 00 00 00 00 00 00 00 00 00 00 00 00 00 00 00 00 00 00 00 00 00 00 00 00 00 00 00 00 00 00 28 00 28 00 01 00 00 00 00 00 00 00
616	winlogon.exe	0x62220000	0x62223fff	VadS	PAGE_EXECUTE_READWRITE	4	1	Disabled	N/A	
00 00 00 00 00 00 00 00 00 00 00 00 00 00 00 00 ................
00 00 00 00 00 00 00 00 00 00 00 00 00 00 00 00 ................
00 00 00 00 00 00 00 00 00 00 00 00 00 00 00 00 ................
00 00 00 00 2a 00 2a 00 01 00 00 00 00 00 00 00 ....*.*.........	00 00 00 00 00 00 00 00 00 00 00 00 00 00 00 00 00 00 00 00 00 00 00 00 00 00 00 00 00 00 00 00 00 00 00 00 00 00 00 00 00 00 00 00 00 00 00 00 00 00 00 00 2a 00 2a 00 01 00 00 00 00 00 00 00
616	winlogon.exe	0x7f6f0000	0x7f7effff	Vad 	PAGE_EXECUTE_READ	0	0	Disabled	N/A	
c8 00 00 00 84 01 00 00 ff ee ff ee 08 70 00 00 .............p..
08 00 00 00 00 fe 00 00 00 00 10 00 00 20 00 00 ............. ..
00 02 00 00 00 20 00 00 8d 01 00 00 ff ef fd 7f ..... ..........
03 00 08 06 00 00 00 00 00 00 00 00 00 00 00 00 ................	c8 00 00 00 84 01 00 00 ff ee ff ee 08 70 00 00 08 00 00 00 00 fe 00 00 00 00 10 00 00 20 00 00 00 02 00 00 00 20 00 00 8d 01 00 00 ff ef fd 7f 03 00 08 06 00 00 00 00 00 00 00 00 00 00 00 00
880	svchost.exe	0x980000	0x988fff	VadS	PAGE_EXECUTE_READWRITE	9	1	Disabled	MZ header	
4d 5a 90 00 03 00 00 00 04 00 00 00 ff ff 00 00 MZ..............
b8 00 00 00 00 00 00 00 40 00 00 00 00 00 00 00 ........@.......
00 00 00 00 00 00 00 00 00 00 00 00 00 00 00 00 ................
00 00 00 00 00 00 00 00 00 00 00 00 f8 00 00 00 ................	4d 5a 90 00 03 00 00 00 04 00 00 00 ff ff 00 00 b8 00 00 00 00 00 00 00 40 00 00 00 00 00 00 00 00 00 00 00 00 00 00 00 00 00 00 00 00 00 00 00 00 00 00 00 00 00 00 00 00 00 00 00 f8 00 00 00
636	msmsgs.exe	0x490000	0x78ffff	Vad 	PAGE_EXECUTE_READ	0	0	Disabled	N/A	
c1 00 00 00 00 01 00 00 ff ee ff ee 09 00 00 00 ................
09 00 00 00 00 fe 00 00 00 00 10 00 00 20 00 00 ............. ..
00 02 00 00 00 20 00 00 1b 1f 00 00 ff ef fd 7f ..... ..........
00 00 08 06 00 00 00 00 00 00 00 00 00 00 00 00 ................	c1 00 00 00 00 01 00 00 ff ee ff ee 09 00 00 00 09 00 00 00 00 fe 00 00 00 00 10 00 00 20 00 00 00 02 00 00 00 20 00 00 1b 1f 00 00 ff ef fd 7f 00 00 08 06 00 00 00 00 00 00 00 00 00 00 00 00
